0120030709000000000001500420000000000000000020030715
0304106004000000010223400002400000000095019222025784
0304096004000000010212500002400000000095019222026009
0304096004000000010213300002400000000215019222026010
0304096004000000010620800002400000000095019222025982
0304096004000000010621100002400000000155019222025983
0304096004000000010603100002400000000250019222026018
0304096002000000010402100002400000000420019222024658
0304086002000000021425300002400000000095019222025542
0304086002000000021222300002400000000270019222025559
0304086002000000011016400002400000000205019222025557
0304086002000000021611400002400000000240019222025554
0304086002000000011803300002400000000170019222025527
0304086001000000021420600002400000000355019222025227
0304086001000000011631000002400000000135019222025243
0304084003000000011615100002400000000495019221034739
0304070001000000000001500422400000005455019222024865
0304070001000000000001500422400000000810019222024866
0304802003000000000001500422400000000090019222002065
0304106014000000011601700002400000000185019221028692
0304106014000000011221400002400000000115019221028711
0500000000000000000000000200000000009945000000000000
0600000000000000000000000200000000009945000000000000
